@noindex

# This file was automically generated through MIDIMapperX 'make_curves.rb' generation script.

0.00000000
0.00248436
0.00500814
0.00757199
0.01017654
0.01282242
0.01551030
0.01824085
0.02101473
0.02383265
0.02669529
0.02960337
0.03255761
0.03555875
0.03860751
0.04170467
0.04485099
0.04804725
0.05129425
0.05459278
0.05794367
0.06134775
0.06480586
0.06831885
0.07188761
0.07551302
0.07919597
0.08293738
0.08673817
0.09059929
0.09452170
0.09850637
0.10255429
0.10666645
0.11084389
0.11508764
0.11939874
0.12377828
0.12822733
0.13274699
0.13733840
0.14200268
0.14674100
0.15155453
0.15644447
0.16141201
0.16645841
0.17158491
0.17679278
0.18208331
0.18745782
0.19291763
0.19846411
0.20409862
0.20982257
0.21563737
0.22154447
0.22754533
0.23364144
0.23983431
0.24612548
0.25251651
0.25900898
0.26560450
0.27230472
0.27911128
0.28602588
0.29305023
0.30018608
0.30743520
0.31479938
0.32228044
0.32988025
0.33760069
0.34544368
0.35341115
0.36150509
0.36972750
0.37808043
0.38656593
0.39518613
0.40394315
0.41283917
0.42187639
0.43105705
0.44038344
0.44985787
0.45948267
0.46926025
0.47919303
0.48928346
0.49953406
0.50994736
0.52052595
0.53127245
0.54218953
0.55327989
0.56454628
0.57599150
0.58761839
0.59942982
0.61142874
0.62361811
0.63600096
0.64858036
0.66135943
0.67434133
0.68752930
0.70092659
0.71453653
0.72836250
0.74240792
0.75667628
0.77117112
0.78589604
0.80085467
0.81605074
0.83148801
0.84717032
0.86310154
0.87928563
0.89572661
0.91242855
0.92939560
0.94663196
0.96414191
0.98192978
1.00000000
