@noindex

# This file was automically generated through MIDIMapperX 'make_curves.rb' generation script.

0.00000000
0.00460058
0.00923753
0.01391114
0.01862169
0.02336948
0.02815480
0.03297795
0.03783923
0.04273893
0.04767737
0.05265485
0.05767167
0.06272815
0.06782461
0.07296135
0.07813870
0.08335698
0.08861650
0.09391761
0.09926062
0.10464586
0.11007368
0.11554441
0.12105838
0.12661594
0.13221744
0.13786321
0.14355361
0.14928900
0.15506973
0.16089615
0.16676864
0.17268754
0.17865323
0.18466609
0.19072647
0.19683477
0.20299135
0.20919660
0.21545090
0.22175464
0.22810822
0.23451202
0.24096644
0.24747189
0.25402876
0.26063746
0.26729841
0.27401201
0.28077869
0.28759885
0.29447293
0.30140135
0.30838454
0.31542293
0.32251696
0.32966707
0.33687371
0.34413731
0.35145833
0.35883722
0.36627445
0.37377047
0.38132574
0.38894074
0.39661594
0.40435181
0.41214883
0.42000749
0.42792827
0.43591167
0.44395818
0.45206829
0.46024252
0.46848136
0.47678534
0.48515495
0.49359073
0.50209320
0.51066288
0.51930030
0.52800600
0.53678052
0.54562441
0.55453820
0.56352246
0.57257775
0.58170461
0.59090363
0.60017536
0.60952039
0.61893929
0.62843265
0.63800105
0.64764509
0.65736537
0.66716249
0.67703706
0.68698969
0.69702099
0.70713159
0.71732212
0.72759320
0.73794548
0.74837959
0.75889619
0.76949592
0.78017944
0.79094742
0.80180052
0.81273941
0.82376478
0.83487730
0.84607767
0.85736658
0.86874473
0.88021282
0.89177157
0.90342169
0.91516391
0.92699895
0.93892755
0.95095045
0.96306839
0.97528212
0.98759240
1.00000000
