@noindex

# This file was automically generated through MIDIMapperX 'make_curves.rb' generation script.

0.00000000
0.01049869
0.02099738
0.03149606
0.04199475
0.05249344
0.06299213
0.07349081
0.08398950
0.09448819
0.10498688
0.11548556
0.12598425
0.13648294
0.14698163
0.15748031
0.16797900
0.17847769
0.18897638
0.19947507
0.20997375
0.22047244
0.23097113
0.24146982
0.25196850
0.26246719
0.27296588
0.28346457
0.29396325
0.30446194
0.31496063
0.32545932
0.33595801
0.34645669
0.35695538
0.36745407
0.37795276
0.38845144
0.39895013
0.40944882
0.41994751
0.43044619
0.44094488
0.45144357
0.46194226
0.47244094
0.48293963
0.49343832
0.50393701
0.51443570
0.52493438
0.53543307
0.54593176
0.55643045
0.56692913
0.57742782
0.58792651
0.59842520
0.60892388
0.61942257
0.62992126
0.64041995
0.65091864
0.66141732
0.67191601
0.68241470
0.69291339
0.70341207
0.71391076
0.72440945
0.73490814
0.74540682
0.75590551
0.76640420
0.77690289
0.78740157
0.79790026
0.80839895
0.81889764
0.82939633
0.83989501
0.85039370
0.86089239
0.87139108
0.88188976
0.89238845
0.90288714
0.91338583
0.92388451
0.93438320
0.94488189
0.95538058
0.96587927
0.97637795
0.98687664
0.99737533
0.00000000
0.00000000
0.00000000
0.00000000
0.00000000
0.00000000
0.00000000
0.00000000
0.00000000
0.00000000
0.00000000
0.00000000
0.00000000
0.00000000
0.00000000
0.00000000
0.00000000
0.00000000
0.00000000
0.00000000
0.00000000
0.00000000
0.00000000
0.00000000
0.00000000
0.00000000
0.00000000
0.00000000
0.00000000
0.00000000
0.00000000
0.00000000
