@noindex

# This file was automically generated through MIDIMapperX 'make_curves.rb' generation script.

0.00000000
0.00787402
0.01574803
0.02362205
0.03149606
0.03937008
0.04724409
0.05511811
0.06299213
0.07086614
0.07874016
0.08661417
0.09448819
0.10236220
0.11023622
0.11811024
0.12598425
0.13385827
0.14173228
0.14960630
0.15748031
0.16535433
0.17322835
0.18110236
0.18897638
0.19685039
0.20472441
0.21259843
0.22047244
0.22834646
0.23622047
0.24409449
0.25196850
0.25984252
0.26771654
0.27559055
0.28346457
0.29133858
0.29921260
0.30708661
0.31496063
0.32283465
0.33070866
0.33858268
0.34645669
0.35433071
0.36220472
0.37007874
0.37795276
0.38582677
0.39370079
0.40157480
0.40944882
0.41732283
0.42519685
0.43307087
0.44094488
0.44881890
0.45669291
0.46456693
0.47244094
0.48031496
0.48818898
0.49606299
0.50393701
0.51181102
0.51968504
0.52755906
0.53543307
0.54330709
0.55118110
0.55905512
0.56692913
0.57480315
0.58267717
0.59055118
0.59842520
0.60629921
0.61417323
0.62204724
0.62992126
0.63779528
0.64566929
0.65354331
0.66141732
0.66929134
0.67716535
0.68503937
0.69291339
0.70078740
0.70866142
0.71653543
0.72440945
0.73228346
0.74015748
0.74803150
0.75590551
0.76377953
0.77165354
0.77952756
0.78740157
0.79527559
0.80314961
0.81102362
0.81889764
0.82677165
0.83464567
0.84251969
0.85039370
0.85826772
0.86614173
0.87401575
0.88188976
0.88976378
0.89763780
0.90551181
0.91338583
0.92125984
0.92913386
0.93700787
0.94488189
0.95275591
0.96062992
0.96850394
0.97637795
0.98425197
0.99212598
1.00000000
