@noindex

# This file was automically generated through MIDIMapperX 'make_curves.rb' generation script.

1.00000000
0.98763184
0.97526557
0.96290309
0.95054628
0.93819704
0.92585725
0.91352880
0.90121358
0.88891347
0.87663036
0.86436612
0.85212263
0.83990176
0.82770538
0.81553536
0.80339356
0.79128183
0.77920204
0.76715602
0.75514562
0.74317267
0.73123902
0.71934648
0.70749688
0.69569202
0.68393371
0.67222375
0.66056394
0.64895605
0.63740186
0.62590315
0.61446166
0.60307915
0.59175736
0.58049802
0.56930285
0.55817357
0.54711189
0.53611948
0.52519804
0.51434923
0.50357471
0.49287614
0.48225514
0.47171335
0.46125237
0.45087381
0.44057925
0.43037027
0.42024844
0.41021529
0.40027236
0.39042118
0.38066325
0.37100007
0.36143310
0.35196383
0.34259369
0.33332411
0.32415653
0.31509233
0.30613291
0.29727963
0.28853385
0.27989691
0.27137013
0.26295482
0.25465225
0.24646371
0.23839044
0.23043368
0.22259465
0.21487454
0.20727454
0.19979580
0.19243948
0.18520670
0.17809856
0.17111616
0.16426055
0.15753279
0.15093392
0.14446493
0.13812682
0.13192055
0.12584708
0.11990734
0.11410223
0.10843264
0.10289944
0.09750348
0.09224558
0.08712655
0.08214716
0.07730818
0.07261036
0.06805441
0.06364102
0.05937087
0.05524462
0.05126289
0.04742630
0.04373543
0.04019085
0.03679310
0.03354269
0.03044014
0.02748590
0.02468043
0.02202417
0.01951751
0.01716085
0.01495454
0.01289891
0.01099430
0.00924097
0.00763921
0.00618926
0.00489134
0.00374565
0.00275236
0.00191163
0.00122358
0.00068833
0.00030594
0.00007649
0.00000000
