@noindex

# This file was automically generated through MIDIMapperX 'make_curves.rb' generation script.

1.00000000
0.99992351
0.99969406
0.99931167
0.99877642
0.99808837
0.99724764
0.99625435
0.99510866
0.99381074
0.99236079
0.99075903
0.98900570
0.98710109
0.98504546
0.98283915
0.98048249
0.97797583
0.97531957
0.97251410
0.96955986
0.96645731
0.96320690
0.95980915
0.95626457
0.95257370
0.94873711
0.94475538
0.94062913
0.93635898
0.93194559
0.92738964
0.92269182
0.91785284
0.91287345
0.90775442
0.90249652
0.89710056
0.89156736
0.88589777
0.88009266
0.87415292
0.86807945
0.86187318
0.85553507
0.84906608
0.84246721
0.83573945
0.82888384
0.82190144
0.81479330
0.80756052
0.80020420
0.79272546
0.78512546
0.77740535
0.76956632
0.76160956
0.75353629
0.74534775
0.73704518
0.72862987
0.72010309
0.71146615
0.70272037
0.69386709
0.68490767
0.67584347
0.66667589
0.65740631
0.64803617
0.63856690
0.62899993
0.61933675
0.60957882
0.59972764
0.58978471
0.57975156
0.56962973
0.55942075
0.54912619
0.53874763
0.52828665
0.51774486
0.50712386
0.49642529
0.48565077
0.47480196
0.46388052
0.45288811
0.44182643
0.43069715
0.41950198
0.40824264
0.39692085
0.38553834
0.37409685
0.36259814
0.35104395
0.33943606
0.32777625
0.31606629
0.30430798
0.29250312
0.28065352
0.26876098
0.25682733
0.24485438
0.23284398
0.22079796
0.20871817
0.19660644
0.18446464
0.17229462
0.16009824
0.14787737
0.13563388
0.12336964
0.11108653
0.09878642
0.08647120
0.07414275
0.06180296
0.04945372
0.03709691
0.02473443
0.01236816
0.00000000
