@noindex

# This file was automically generated through MIDIMapperX 'make_curves.rb' generation script.

1.00000000
0.97526557
0.95054628
0.92585725
0.90121358
0.87663036
0.85212263
0.82770538
0.80339356
0.77920204
0.75514562
0.73123902
0.70749688
0.68393371
0.66056394
0.63740186
0.61446166
0.59175736
0.56930285
0.54711189
0.52519804
0.50357471
0.48225514
0.46125237
0.44057925
0.42024844
0.40027236
0.38066325
0.36143310
0.34259369
0.32415653
0.30613291
0.28853385
0.27137013
0.25465225
0.23839044
0.22259465
0.20727454
0.19243948
0.17809856
0.16426055
0.15093392
0.13812682
0.12584708
0.11410223
0.10289944
0.09224558
0.08214716
0.07261036
0.06364102
0.05524462
0.04742630
0.04019085
0.03354269
0.02748590
0.02202417
0.01716085
0.01289891
0.00924097
0.00618926
0.00374565
0.00191163
0.00068833
0.00007649
0.00007649
0.00068833
0.00191163
0.00374565
0.00618926
0.00924097
0.01289891
0.01716085
0.02202417
0.02748590
0.03354269
0.04019085
0.04742630
0.05524462
0.06364102
0.07261036
0.08214716
0.09224558
0.10289944
0.11410223
0.12584708
0.13812682
0.15093392
0.16426055
0.17809856
0.19243948
0.20727454
0.22259465
0.23839044
0.25465225
0.27137013
0.28853385
0.30613291
0.32415653
0.34259369
0.36143310
0.38066325
0.40027236
0.42024844
0.44057925
0.46125237
0.48225514
0.50357471
0.52519804
0.54711189
0.56930285
0.59175736
0.61446166
0.63740186
0.66056394
0.68393371
0.70749688
0.73123902
0.75514562
0.77920204
0.80339356
0.82770538
0.85212263
0.87663036
0.90121358
0.92585725
0.95054628
0.97526557
1.00000000
