@noindex

# This file was automically generated through MIDIMapperX 'make_curves.rb' generation script.

0.00000000
0.02473443
0.04945372
0.07414275
0.09878642
0.12336964
0.14787737
0.17229462
0.19660644
0.22079796
0.24485438
0.26876098
0.29250312
0.31606629
0.33943606
0.36259814
0.38553834
0.40824264
0.43069715
0.45288811
0.47480196
0.49642529
0.51774486
0.53874763
0.55942075
0.57975156
0.59972764
0.61933675
0.63856690
0.65740631
0.67584347
0.69386709
0.71146615
0.72862987
0.74534775
0.76160956
0.77740535
0.79272546
0.80756052
0.82190144
0.83573945
0.84906608
0.86187318
0.87415292
0.88589777
0.89710056
0.90775442
0.91785284
0.92738964
0.93635898
0.94475538
0.95257370
0.95980915
0.96645731
0.97251410
0.97797583
0.98283915
0.98710109
0.99075903
0.99381074
0.99625435
0.99808837
0.99931167
0.99992351
0.99992351
0.99931167
0.99808837
0.99625435
0.99381074
0.99075903
0.98710109
0.98283915
0.97797583
0.97251410
0.96645731
0.95980915
0.95257370
0.94475538
0.93635898
0.92738964
0.91785284
0.90775442
0.89710056
0.88589777
0.87415292
0.86187318
0.84906608
0.83573945
0.82190144
0.80756052
0.79272546
0.77740535
0.76160956
0.74534775
0.72862987
0.71146615
0.69386709
0.67584347
0.65740631
0.63856690
0.61933675
0.59972764
0.57975156
0.55942075
0.53874763
0.51774486
0.49642529
0.47480196
0.45288811
0.43069715
0.40824264
0.38553834
0.36259814
0.33943606
0.31606629
0.29250312
0.26876098
0.24485438
0.22079796
0.19660644
0.17229462
0.14787737
0.12336964
0.09878642
0.07414275
0.04945372
0.02473443
0.00000000
