@noindex

# This file was automically generated through MIDIMapperX 'make_curves.rb' generation script.

0.00000000
0.00501281
0.01002592
0.01503966
0.02005433
0.02507025
0.03008772
0.03510707
0.04012860
0.04515263
0.05017948
0.05520947
0.06024292
0.06528014
0.07032148
0.07536724
0.08041776
0.08547338
0.09053443
0.09560124
0.10067416
0.10575354
0.11083973
0.11593307
0.12103392
0.12614265
0.13125963
0.13638522
0.14151981
0.14666378
0.15181752
0.15698141
0.16215587
0.16734131
0.17253814
0.17774678
0.18296767
0.18820124
0.19344796
0.19870826
0.20398263
0.20927155
0.21457549
0.21989496
0.22523048
0.23058256
0.23595175
0.24133859
0.24674366
0.25216752
0.25761078
0.26307404
0.26855795
0.27406313
0.27959027
0.28514004
0.29071315
0.29631034
0.30193236
0.30757998
0.31325401
0.31895527
0.32468464
0.33044300
0.33623127
0.34205041
0.34790141
0.35378531
0.35970318
0.36565613
0.37164533
0.37767198
0.38373735
0.38984275
0.39598957
0.40217924
0.40841326
0.41469323
0.42102078
0.42739766
0.43382571
0.44030683
0.44684306
0.45343653
0.46008951
0.46680437
0.47358366
0.48043004
0.48734637
0.49433568
0.50140121
0.50854639
0.51577492
0.52309076
0.53049814
0.53800163
0.54560616
0.55331706
0.56114010
0.56908155
0.57714826
0.58534771
0.59368810
0.60217848
0.61082883
0.61965026
0.62865512
0.63785729
0.64727240
0.65691817
0.66681481
0.67698559
0.68745746
0.69826198
0.70943647
0.72102560
0.73308359
0.74567736
0.75889110
0.77283323
0.78764742
0.80353115
0.82076884
0.83979732
0.86135235
0.88686946
0.92005733
1.00000000
