@noindex

# This file was automically generated through MIDIMapperX 'make_curves.rb' generation script.

0.00000000
0.05656527
0.08010134
0.09823443
0.11358339
0.12716132
0.13948720
0.15086901
0.16150721
0.17154092
0.18107135
0.19017487
0.19891076
0.20732615
0.21545923
0.22334147
0.23099919
0.23845462
0.24572680
0.25283216
0.25978498
0.26659781
0.27328173
0.27984659
0.28630117
0.29265339
0.29891038
0.30507862
0.31116401
0.31717194
0.32310735
0.32897480
0.33477850
0.34052236
0.34621001
0.35184483
0.35742998
0.36296843
0.36846298
0.37391624
0.37933070
0.38470872
0.39005252
0.39536423
0.40064587
0.40589938
0.41112661
0.41632934
0.42150929
0.42666811
0.43180739
0.43692867
0.44203347
0.44712323
0.45219938
0.45726331
0.46231638
0.46735993
0.47239526
0.47742368
0.48244646
0.48746488
0.49248017
0.49749360
0.50250640
0.50751983
0.51253512
0.51755354
0.52257632
0.52760474
0.53264007
0.53768362
0.54273669
0.54780062
0.55287677
0.55796653
0.56307133
0.56819261
0.57333189
0.57849071
0.58367066
0.58887339
0.59410062
0.59935413
0.60463577
0.60994748
0.61529128
0.62066930
0.62608376
0.63153702
0.63703157
0.64257002
0.64815517
0.65378999
0.65947764
0.66522150
0.67102520
0.67689265
0.68282806
0.68883599
0.69492138
0.70108962
0.70734661
0.71369883
0.72015341
0.72671827
0.73340219
0.74021502
0.74716784
0.75427320
0.76154538
0.76900081
0.77665853
0.78454077
0.79267385
0.80108924
0.80982513
0.81892865
0.82845908
0.83849279
0.84913099
0.86051280
0.87283868
0.88641661
0.90176557
0.91989866
0.94343473
1.00000000
