@noindex

# This file was automically generated through MIDIMapperX 'make_curves.rb' generation script.

1.00000000
0.99498704
0.98997283
0.98495614
0.97993570
0.97491026
0.96987854
0.96483926
0.95979112
0.95473279
0.94966292
0.94458014
0.93948304
0.93437018
0.92924009
0.92409124
0.91892206
0.91373093
0.90851617
0.90327602
0.89800868
0.89271226
0.88738476
0.88202412
0.87662817
0.87119461
0.86572103
0.86020487
0.85464342
0.84903382
0.84337300
0.83765768
0.83188437
0.82604929
0.82014841
0.81417734
0.80813133
0.80200521
0.79579337
0.78948961
0.78308715
0.77657847
0.76995525
0.76320817
0.75632681
0.74929940
0.74211254
0.73475093
0.72719692
0.71942995
0.71142587
0.70315595
0.69458558
0.68567244
0.67636380
0.66659259
0.65627127
0.64528176
0.63345820
0.62055445
0.60617629
0.58961558
0.56932383
0.53997133
0.46002867
0.43067617
0.41038442
0.39382371
0.37944555
0.36654180
0.35471824
0.34372873
0.33340741
0.32363620
0.31432756
0.30541442
0.29684405
0.28857413
0.28057005
0.27280308
0.26524907
0.25788746
0.25070060
0.24367319
0.23679183
0.23004475
0.22342153
0.21691285
0.21051039
0.20420663
0.19799479
0.19186867
0.18582266
0.17985159
0.17395071
0.16811563
0.16234232
0.15662700
0.15096618
0.14535658
0.13979513
0.13427897
0.12880539
0.12337183
0.11797588
0.11261524
0.10728774
0.10199132
0.09672398
0.09148383
0.08626907
0.08107794
0.07590876
0.07075991
0.06562982
0.06051696
0.05541986
0.05033708
0.04526721
0.04020888
0.03516074
0.03012146
0.02508974
0.02006430
0.01504386
0.01002717
0.00501296
0.00000000
