@noindex

# This file was automically generated through MIDIMapperX 'make_curves.rb' generation script.

0.00000000
0.07994267
0.11313054
0.13864765
0.16020268
0.17923116
0.19646885
0.21235258
0.22716677
0.24110890
0.25432264
0.26691641
0.27897440
0.29056353
0.30173802
0.31254254
0.32301441
0.33318519
0.34308183
0.35272760
0.36214271
0.37134488
0.38034974
0.38917117
0.39782152
0.40631190
0.41465229
0.42285174
0.43091845
0.43885990
0.44668294
0.45439384
0.46199837
0.46950186
0.47690924
0.48422508
0.49145361
0.49859879
0.50566432
0.51265363
0.51956996
0.52641634
0.53319563
0.53991049
0.54656347
0.55315694
0.55969317
0.56617429
0.57260234
0.57897922
0.58530677
0.59158674
0.59782076
0.60401043
0.61015725
0.61626265
0.62232802
0.62835467
0.63434387
0.64029682
0.64621469
0.65209859
0.65794959
0.66376873
0.66955700
0.67531536
0.68104473
0.68674599
0.69242002
0.69806764
0.70368966
0.70928685
0.71485996
0.72040973
0.72593687
0.73144205
0.73692596
0.74238922
0.74783248
0.75325634
0.75866141
0.76404825
0.76941744
0.77476952
0.78010504
0.78542451
0.79072845
0.79601737
0.80129174
0.80655204
0.81179876
0.81703233
0.82225322
0.82746186
0.83265869
0.83784413
0.84301859
0.84818248
0.85333622
0.85848019
0.86361478
0.86874037
0.87385735
0.87896608
0.88406693
0.88916027
0.89424646
0.89932584
0.90439876
0.90946557
0.91452662
0.91958224
0.92463276
0.92967852
0.93471986
0.93975708
0.94479053
0.94982052
0.95484737
0.95987140
0.96489293
0.96991228
0.97492975
0.97994567
0.98496034
0.98997408
0.99498719
1.00000000
