@noindex

# This file was automically generated through MIDIMapperX 'make_curves.rb' generation script.

1.00000000
0.99938821
0.99755433
0.99450285
0.99024124
0.98477993
0.97813228
0.97031456
0.96134591
0.95124826
0.94004633
0.92776754
0.91444192
0.90010210
0.88478316
0.86852259
0.85136019
0.83333794
0.81449997
0.79489236
0.77456310
0.75356193
0.73194026
0.70975099
0.68704843
0.66388812
0.64032676
0.61642199
0.59223232
0.56781694
0.54323560
0.51854846
0.49381592
0.46909852
0.44445674
0.41995088
0.39564092
0.37158634
0.34784601
0.32447802
0.30153957
0.27908679
0.25717461
0.23585667
0.21518514
0.19521059
0.17598191
0.15754616
0.13994846
0.12323186
0.10743727
0.09260335
0.07876640
0.06596027
0.05421632
0.04356327
0.03402720
0.02563145
0.01839655
0.01234022
0.00747727
0.00381961
0.00137618
0.00015297
0.00015297
0.00137618
0.00381961
0.00747727
0.01234022
0.01839655
0.02563145
0.03402720
0.04356327
0.05421632
0.06596027
0.07876640
0.09260335
0.10743727
0.12323186
0.13994846
0.15754616
0.17598191
0.19521059
0.21518514
0.23585667
0.25717461
0.27908679
0.30153957
0.32447802
0.34784601
0.37158634
0.39564092
0.41995088
0.44445674
0.46909852
0.49381592
0.51854846
0.54323560
0.56781694
0.59223232
0.61642199
0.64032676
0.66388812
0.68704843
0.70975099
0.73194026
0.75356193
0.77456310
0.79489236
0.81449997
0.83333794
0.85136019
0.86852259
0.88478316
0.90010210
0.91444192
0.92776754
0.94004633
0.95124826
0.96134591
0.97031456
0.97813228
0.98477993
0.99024124
0.99450285
0.99755433
0.99938821
1.00000000
