@noindex

# This file was automically generated through MIDIMapperX 'make_curves.rb' generation script.

0.00000000
0.00061179
0.00244567
0.00549715
0.00975876
0.01522007
0.02186772
0.02968544
0.03865409
0.04875174
0.05995367
0.07223246
0.08555808
0.09989790
0.11521684
0.13147741
0.14863981
0.16666206
0.18550003
0.20510764
0.22543690
0.24643807
0.26805974
0.29024901
0.31295157
0.33611188
0.35967324
0.38357801
0.40776768
0.43218306
0.45676440
0.48145154
0.50618408
0.53090148
0.55554326
0.58004912
0.60435908
0.62841366
0.65215399
0.67552198
0.69846043
0.72091321
0.74282539
0.76414333
0.78481486
0.80478941
0.82401809
0.84245384
0.86005154
0.87676814
0.89256273
0.90739665
0.92123360
0.93403973
0.94578368
0.95643673
0.96597280
0.97436855
0.98160345
0.98765978
0.99252273
0.99618039
0.99862382
0.99984703
0.99984703
0.99862382
0.99618039
0.99252273
0.98765978
0.98160345
0.97436855
0.96597280
0.95643673
0.94578368
0.93403973
0.92123360
0.90739665
0.89256273
0.87676814
0.86005154
0.84245384
0.82401809
0.80478941
0.78481486
0.76414333
0.74282539
0.72091321
0.69846043
0.67552198
0.65215399
0.62841366
0.60435908
0.58004912
0.55554326
0.53090148
0.50618408
0.48145154
0.45676440
0.43218306
0.40776768
0.38357801
0.35967324
0.33611188
0.31295157
0.29024901
0.26805974
0.24643807
0.22543690
0.20510764
0.18550003
0.16666206
0.14863981
0.13147741
0.11521684
0.09989790
0.08555808
0.07223246
0.05995367
0.04875174
0.03865409
0.02968544
0.02186772
0.01522007
0.00975876
0.00549715
0.00244567
0.00061179
0.00000000
