@noindex

# This file was automically generated through MIDIMapperX 'make_curves.rb' generation script.

0.00000000
0.00015297
0.00061179
0.00137618
0.00244567
0.00381961
0.00549715
0.00747727
0.00975876
0.01234022
0.01522007
0.01839655
0.02186772
0.02563145
0.02968544
0.03402720
0.03865409
0.04356327
0.04875174
0.05421632
0.05995367
0.06596027
0.07223246
0.07876640
0.08555808
0.09260335
0.09989790
0.10743727
0.11521684
0.12323186
0.13147741
0.13994846
0.14863981
0.15754616
0.16666206
0.17598191
0.18550003
0.19521059
0.20510764
0.21518514
0.22543690
0.23585667
0.24643807
0.25717461
0.26805974
0.27908679
0.29024901
0.30153957
0.31295157
0.32447802
0.33611188
0.34784601
0.35967324
0.37158634
0.38357801
0.39564092
0.40776768
0.41995088
0.43218306
0.44445674
0.45676440
0.46909852
0.48145154
0.49381592
0.50618408
0.51854846
0.53090148
0.54323560
0.55554326
0.56781694
0.58004912
0.59223232
0.60435908
0.61642199
0.62841366
0.64032676
0.65215399
0.66388812
0.67552198
0.68704843
0.69846043
0.70975099
0.72091321
0.73194026
0.74282539
0.75356193
0.76414333
0.77456310
0.78481486
0.79489236
0.80478941
0.81449997
0.82401809
0.83333794
0.84245384
0.85136019
0.86005154
0.86852259
0.87676814
0.88478316
0.89256273
0.90010210
0.90739665
0.91444192
0.92123360
0.92776754
0.93403973
0.94004633
0.94578368
0.95124826
0.95643673
0.96134591
0.96597280
0.97031456
0.97436855
0.97813228
0.98160345
0.98477993
0.98765978
0.99024124
0.99252273
0.99450285
0.99618039
0.99755433
0.99862382
0.99938821
0.99984703
1.00000000
