@noindex

# This file was automically generated through MIDIMapperX 'make_curves.rb' generation script.

1.00000000
0.98763279
0.97527314
0.96292862
0.95060679
0.93831518
0.92606132
0.91385269
0.90169678
0.88960102
0.87757281
0.86561951
0.85374844
0.84196685
0.83028197
0.81870093
0.80723083
0.79587868
0.78465143
0.77355594
0.76259902
0.75178736
0.74112757
0.73062619
0.72028963
0.71012422
0.70013618
0.69033163
0.68071655
0.67129684
0.66207826
0.65306645
0.64426693
0.63568507
0.62732613
0.61919522
0.61129732
0.60363727
0.59621974
0.58904928
0.58213028
0.57546696
0.56906341
0.56292354
0.55705111
0.55144972
0.54612279
0.54107358
0.53630518
0.53182051
0.52762231
0.52371315
0.52009543
0.51677135
0.51374295
0.51101208
0.50858042
0.50644946
0.50462049
0.50309463
0.50187282
0.50095582
0.50034416
0.50003824
0.49996176
0.49965584
0.49904418
0.49812718
0.49690537
0.49537951
0.49355054
0.49141958
0.48898792
0.48625705
0.48322865
0.47990457
0.47628685
0.47237769
0.46817949
0.46369482
0.45892642
0.45387721
0.44855028
0.44294889
0.43707646
0.43093659
0.42453304
0.41786972
0.41095072
0.40378026
0.39636273
0.38870268
0.38080478
0.37267387
0.36431493
0.35573307
0.34693355
0.33792174
0.32870316
0.31928345
0.30966837
0.29986382
0.28987578
0.27971037
0.26937381
0.25887243
0.24821264
0.23740098
0.22644406
0.21534857
0.20412132
0.19276917
0.18129907
0.16971803
0.15803315
0.14625156
0.13438049
0.12242719
0.11039898
0.09830322
0.08614731
0.07393868
0.06168482
0.04939321
0.03707138
0.02472686
0.01236721
0.00000000
