@noindex

# This file was automically generated through MIDIMapperX 'make_curves.rb' generation script.

1.00000000
0.82322878
0.75100176
0.69626297
0.65069176
0.61105231
0.57567894
0.54357869
0.51410241
0.48679777
0.46133444
0.43746233
0.41498659
0.39375192
0.37363207
0.35452279
0.33633677
0.31900005
0.30244930
0.28662982
0.27149395
0.25699993
0.24311088
0.22979406
0.21702029
0.20476339
0.19299981
0.18170828
0.17086951
0.16046596
0.15048164
0.14090194
0.13171346
0.12290392
0.11446199
0.10637726
0.09864012
0.09124170
0.08417377
0.07742875
0.07099961
0.06487982
0.05906335
0.05354462
0.04831843
0.04338000
0.03872488
0.03434899
0.03024855
0.02642006
0.02286034
0.01956646
0.01653575
0.01376578
0.01125435
0.00899951
0.00699951
0.00525281
0.00375807
0.00251417
0.00152016
0.00077530
0.00027904
0.00003100
0.00003100
0.00027904
0.00077530
0.00152016
0.00251417
0.00375807
0.00525281
0.00699951
0.00899951
0.01125435
0.01376578
0.01653575
0.01956646
0.02286034
0.02642006
0.03024855
0.03434899
0.03872488
0.04338000
0.04831843
0.05354462
0.05906335
0.06487982
0.07099961
0.07742875
0.08417377
0.09124170
0.09864012
0.10637726
0.11446199
0.12290392
0.13171346
0.14090194
0.15048164
0.16046596
0.17086951
0.18170828
0.19299981
0.20476339
0.21702029
0.22979406
0.24311088
0.25699993
0.27149395
0.28662982
0.30244930
0.31900005
0.33633677
0.35452279
0.37363207
0.39375192
0.41498659
0.43746233
0.46133444
0.48679777
0.51410241
0.54357869
0.57567894
0.61105231
0.65069176
0.69626297
0.75100176
0.82322878
1.00000000
