@noindex

# This file was automically generated through MIDIMapperX 'make_curves.rb' generation script.

1.00000000
0.87475611
0.82322878
0.78393035
0.75100176
0.72216884
0.69626297
0.67258862
0.65069176
0.63025648
0.61105231
0.59290501
0.57567894
0.55926608
0.54357869
0.52854433
0.51410241
0.50020154
0.48679777
0.47385311
0.46133444
0.44921274
0.43746233
0.42606040
0.41498659
0.40422260
0.39375192
0.38355961
0.37363207
0.36395691
0.35452279
0.34531927
0.33633677
0.32756643
0.31900005
0.31063003
0.30244930
0.29445128
0.28662982
0.27897917
0.27149395
0.26416912
0.25699993
0.24998192
0.24311088
0.23638284
0.22979406
0.22334100
0.21702029
0.21082876
0.20476339
0.19882132
0.19299981
0.18729629
0.18170828
0.17623343
0.17086951
0.16561436
0.16046596
0.15542234
0.15048164
0.14564208
0.14090194
0.13625959
0.13171346
0.12726205
0.12290392
0.11863767
0.11446199
0.11037559
0.10637726
0.10246582
0.09864012
0.09489910
0.09124170
0.08766691
0.08417377
0.08076135
0.07742875
0.07417512
0.07099961
0.06790143
0.06487982
0.06193403
0.05906335
0.05626710
0.05354462
0.05089526
0.04831843
0.04581353
0.04338000
0.04101729
0.03872488
0.03650228
0.03434899
0.03226456
0.03024855
0.02830052
0.02642006
0.02460680
0.02286034
0.02118035
0.01956646
0.01801837
0.01653575
0.01511831
0.01376578
0.01247787
0.01125435
0.01009497
0.00899951
0.00796776
0.00699951
0.00609458
0.00525281
0.00447402
0.00375807
0.00310483
0.00251417
0.00198598
0.00152016
0.00111663
0.00077530
0.00049612
0.00027904
0.00012401
0.00003100
0.00000000
