@noindex

# This file was automically generated through MIDIMapperX 'make_curves.rb' generation script.

0.00000000
0.17677122
0.24899824
0.30373703
0.34930824
0.38894769
0.42432106
0.45642131
0.48589759
0.51320223
0.53866556
0.56253767
0.58501341
0.60624808
0.62636793
0.64547721
0.66366323
0.68099995
0.69755070
0.71337018
0.72850605
0.74300007
0.75688912
0.77020594
0.78297971
0.79523661
0.80700019
0.81829172
0.82913049
0.83953404
0.84951836
0.85909806
0.86828654
0.87709608
0.88553801
0.89362274
0.90135988
0.90875830
0.91582623
0.92257125
0.92900039
0.93512018
0.94093665
0.94645538
0.95168157
0.95662000
0.96127512
0.96565101
0.96975145
0.97357994
0.97713966
0.98043354
0.98346425
0.98623422
0.98874565
0.99100049
0.99300049
0.99474719
0.99624193
0.99748583
0.99847984
0.99922470
0.99972096
0.99996900
0.99996900
0.99972096
0.99922470
0.99847984
0.99748583
0.99624193
0.99474719
0.99300049
0.99100049
0.98874565
0.98623422
0.98346425
0.98043354
0.97713966
0.97357994
0.96975145
0.96565101
0.96127512
0.95662000
0.95168157
0.94645538
0.94093665
0.93512018
0.92900039
0.92257125
0.91582623
0.90875830
0.90135988
0.89362274
0.88553801
0.87709608
0.86828654
0.85909806
0.84951836
0.83953404
0.82913049
0.81829172
0.80700019
0.79523661
0.78297971
0.77020594
0.75688912
0.74300007
0.72850605
0.71337018
0.69755070
0.68099995
0.66366323
0.64547721
0.62636793
0.60624808
0.58501341
0.56253767
0.53866556
0.51320223
0.48589759
0.45642131
0.42432106
0.38894769
0.34930824
0.30373703
0.24899824
0.17677122
0.00000000
