@noindex

# This file was automically generated through MIDIMapperX 'make_curves.rb' generation script.

1.00000000
0.99996900
0.99987599
0.99972096
0.99950388
0.99922470
0.99888337
0.99847984
0.99801402
0.99748583
0.99689517
0.99624193
0.99552598
0.99474719
0.99390542
0.99300049
0.99203224
0.99100049
0.98990503
0.98874565
0.98752213
0.98623422
0.98488169
0.98346425
0.98198163
0.98043354
0.97881965
0.97713966
0.97539320
0.97357994
0.97169948
0.96975145
0.96773544
0.96565101
0.96349772
0.96127512
0.95898271
0.95662000
0.95418647
0.95168157
0.94910474
0.94645538
0.94373290
0.94093665
0.93806597
0.93512018
0.93209857
0.92900039
0.92582488
0.92257125
0.91923865
0.91582623
0.91233309
0.90875830
0.90510090
0.90135988
0.89753418
0.89362274
0.88962441
0.88553801
0.88136233
0.87709608
0.87273795
0.86828654
0.86374041
0.85909806
0.85435792
0.84951836
0.84457766
0.83953404
0.83438564
0.82913049
0.82376657
0.81829172
0.81270371
0.80700019
0.80117868
0.79523661
0.78917124
0.78297971
0.77665900
0.77020594
0.76361716
0.75688912
0.75001808
0.74300007
0.73583088
0.72850605
0.72102083
0.71337018
0.70554872
0.69755070
0.68936997
0.68099995
0.67243357
0.66366323
0.65468073
0.64547721
0.63604309
0.62636793
0.61644039
0.60624808
0.59577740
0.58501341
0.57393960
0.56253767
0.55078726
0.53866556
0.52614689
0.51320223
0.49979846
0.48589759
0.47145567
0.45642131
0.44073392
0.42432106
0.40709499
0.38894769
0.36974352
0.34930824
0.32741138
0.30373703
0.27783116
0.24899824
0.21606965
0.17677122
0.12524389
0.00000000
