@noindex

# This file was automically generated through MIDIMapperX 'make_curves.rb' generation script.

0.00000000
0.08838561
0.12449912
0.15186852
0.17465412
0.19447384
0.21216053
0.22821066
0.24294880
0.25660111
0.26933278
0.28126884
0.29250670
0.30312404
0.31318397
0.32273861
0.33183161
0.34049997
0.34877535
0.35668509
0.36425302
0.37150004
0.37844456
0.38510297
0.39148985
0.39761830
0.40350009
0.40914586
0.41456525
0.41976702
0.42475918
0.42954903
0.43414327
0.43854804
0.44276901
0.44681137
0.45067994
0.45437915
0.45791311
0.46128562
0.46450020
0.46756009
0.47046832
0.47322769
0.47584079
0.47831000
0.48063756
0.48282550
0.48487573
0.48678997
0.48856983
0.49021677
0.49173213
0.49311711
0.49437282
0.49550024
0.49650024
0.49737360
0.49812097
0.49874292
0.49923992
0.49961235
0.49986048
0.49998450
0.50001550
0.50013952
0.50038765
0.50076008
0.50125708
0.50187903
0.50262640
0.50349976
0.50449976
0.50562718
0.50688289
0.50826787
0.50978323
0.51143017
0.51321003
0.51512427
0.51717450
0.51936244
0.52169000
0.52415921
0.52677231
0.52953168
0.53243991
0.53549980
0.53871438
0.54208689
0.54562085
0.54932006
0.55318863
0.55723099
0.56145196
0.56585673
0.57045097
0.57524082
0.58023298
0.58543475
0.59085414
0.59649991
0.60238170
0.60851015
0.61489703
0.62155544
0.62849996
0.63574698
0.64331491
0.65122465
0.65950003
0.66816839
0.67726139
0.68681603
0.69687596
0.70749330
0.71873116
0.73066722
0.74339889
0.75705120
0.77178934
0.78783947
0.80552616
0.82534588
0.84813148
0.87550088
0.91161439
1.00000000
