@noindex

# This file was automically generated through MIDIMapperX 'make_curves.rb' generation script.

0.00000000
0.00024806
0.00099299
0.00223701
0.00398388
0.00623894
0.00900918
0.01230340
0.01613228
0.02050864
0.02544763
0.03096702
0.03708756
0.04383346
0.05123291
0.05931884
0.06812980
0.07771117
0.08811672
0.09941066
0.11167050
0.12499096
0.13948958
0.15531502
0.17265964
0.19177980
0.21303020
0.23692655
0.26427217
0.29645250
0.33629431
0.39196518
0.56262194
0.63891558
0.68487176
0.72036696
0.74989923
0.77539363
0.79788870
0.81802154
0.83621678
0.85277436
0.86791544
0.88180858
0.89458562
0.90635186
0.91719282
0.92717896
0.93636897
0.94481220
0.95255045
0.95961932
0.96604928
0.97186645
0.97709324
0.98174886
0.98584974
0.98940983
0.99244084
0.99495251
0.99695271
0.99844759
0.99944169
0.99993800
0.99993800
0.99944169
0.99844759
0.99695271
0.99495251
0.99244084
0.98940983
0.98584974
0.98174886
0.97709324
0.97186645
0.96604928
0.95961932
0.95255045
0.94481220
0.93636897
0.92717896
0.91719282
0.90635186
0.89458562
0.88180858
0.86791544
0.85277436
0.83621678
0.81802154
0.79788870
0.77539363
0.74989923
0.72036696
0.68487176
0.63891558
0.56262194
0.39196518
0.33629431
0.29645250
0.26427217
0.23692655
0.21303020
0.19177980
0.17265964
0.15531502
0.13948958
0.12499096
0.11167050
0.09941066
0.08811672
0.07771117
0.06812980
0.05931884
0.05123291
0.04383346
0.03708756
0.03096702
0.02544763
0.02050864
0.01613228
0.01230340
0.00900918
0.00623894
0.00398388
0.00223701
0.00099299
0.00024806
0.00000000
