@noindex

# This file was automically generated through MIDIMapperX 'make_curves.rb' generation script.

0.00000000
0.00006200
0.00024806
0.00055831
0.00099299
0.00155241
0.00223701
0.00304729
0.00398388
0.00504749
0.00623894
0.00755916
0.00900918
0.01059017
0.01230340
0.01415026
0.01613228
0.01825114
0.02050864
0.02290676
0.02544763
0.02813355
0.03096702
0.03395072
0.03708756
0.04038068
0.04383346
0.04744955
0.05123291
0.05518780
0.05931884
0.06363103
0.06812980
0.07282104
0.07771117
0.08280718
0.08811672
0.09364814
0.09941066
0.10541438
0.11167050
0.11819142
0.12499096
0.13208456
0.13948958
0.14722564
0.15531502
0.16378322
0.17265964
0.18197846
0.19177980
0.20211130
0.21303020
0.22460637
0.23692655
0.25010077
0.26427217
0.27963304
0.29645250
0.31512824
0.33629431
0.36108442
0.39196518
0.43737806
0.56262194
0.60803482
0.63891558
0.66370569
0.68487176
0.70354750
0.72036696
0.73572783
0.74989923
0.76307345
0.77539363
0.78696980
0.79788870
0.80822020
0.81802154
0.82734036
0.83621678
0.84468498
0.85277436
0.86051042
0.86791544
0.87500904
0.88180858
0.88832950
0.89458562
0.90058934
0.90635186
0.91188328
0.91719282
0.92228883
0.92717896
0.93187020
0.93636897
0.94068116
0.94481220
0.94876709
0.95255045
0.95616654
0.95961932
0.96291244
0.96604928
0.96903298
0.97186645
0.97455237
0.97709324
0.97949136
0.98174886
0.98386772
0.98584974
0.98769660
0.98940983
0.99099082
0.99244084
0.99376106
0.99495251
0.99601612
0.99695271
0.99776299
0.99844759
0.99900701
0.99944169
0.99975194
0.99993800
1.00000000
