@noindex

# This file was automically generated through MIDIMapperX 'make_curves.rb' generation script.

1.00000000
0.99975194
0.99900701
0.99776299
0.99601612
0.99376106
0.99099082
0.98769660
0.98386772
0.97949136
0.97455237
0.96903298
0.96291244
0.95616654
0.94876709
0.94068116
0.93187020
0.92228883
0.91188328
0.90058934
0.88832950
0.87500904
0.86051042
0.84468498
0.82734036
0.80822020
0.78696980
0.76307345
0.73572783
0.70354750
0.66370569
0.60803482
0.43737806
0.36108442
0.31512824
0.27963304
0.25010077
0.22460637
0.20211130
0.18197846
0.16378322
0.14722564
0.13208456
0.11819142
0.10541438
0.09364814
0.08280718
0.07282104
0.06363103
0.05518780
0.04744955
0.04038068
0.03395072
0.02813355
0.02290676
0.01825114
0.01415026
0.01059017
0.00755916
0.00504749
0.00304729
0.00155241
0.00055831
0.00006200
0.00006200
0.00055831
0.00155241
0.00304729
0.00504749
0.00755916
0.01059017
0.01415026
0.01825114
0.02290676
0.02813355
0.03395072
0.04038068
0.04744955
0.05518780
0.06363103
0.07282104
0.08280718
0.09364814
0.10541438
0.11819142
0.13208456
0.14722564
0.16378322
0.18197846
0.20211130
0.22460637
0.25010077
0.27963304
0.31512824
0.36108442
0.43737806
0.60803482
0.66370569
0.70354750
0.73572783
0.76307345
0.78696980
0.80822020
0.82734036
0.84468498
0.86051042
0.87500904
0.88832950
0.90058934
0.91188328
0.92228883
0.93187020
0.94068116
0.94876709
0.95616654
0.96291244
0.96903298
0.97455237
0.97949136
0.98386772
0.98769660
0.99099082
0.99376106
0.99601612
0.99776299
0.99900701
0.99975194
1.00000000
