@noindex

# This file was automically generated through MIDIMapperX 'make_curves.rb' generation script.

0.00000000
0.00018502
0.00073619
0.00164764
0.00291352
0.00452796
0.00648512
0.00877912
0.01140412
0.01435425
0.01762366
0.02120648
0.02509687
0.02928896
0.03377689
0.03855480
0.04361684
0.04895715
0.05456987
0.06044914
0.06658911
0.07298391
0.07962769
0.08651458
0.09363874
0.10099430
0.10857540
0.11637619
0.12439080
0.13261338
0.14103808
0.14965902
0.15847036
0.16746624
0.17664079
0.18598817
0.19550250
0.20517794
0.21500862
0.22498869
0.23511228
0.24537355
0.25576662
0.26628565
0.27692477
0.28767813
0.29853987
0.30950413
0.32056505
0.33171677
0.34295344
0.35426920
0.36565818
0.37711453
0.38863240
0.40020592
0.41182923
0.42349648
0.43520182
0.44693937
0.45870328
0.47048770
0.48228676
0.49409461
0.50590539
0.51771324
0.52951230
0.54129672
0.55306063
0.56479818
0.57650352
0.58817077
0.59979408
0.61136760
0.62288547
0.63434182
0.64573080
0.65704656
0.66828323
0.67943495
0.69049587
0.70146013
0.71232187
0.72307523
0.73371435
0.74423338
0.75462645
0.76488772
0.77501131
0.78499138
0.79482206
0.80449750
0.81401183
0.82335921
0.83253376
0.84152964
0.85034098
0.85896192
0.86738662
0.87560920
0.88362381
0.89142460
0.89900570
0.90636126
0.91348542
0.92037231
0.92701609
0.93341089
0.93955086
0.94543013
0.95104285
0.95638316
0.96144520
0.96622311
0.97071104
0.97490313
0.97879352
0.98237634
0.98564575
0.98859588
0.99122088
0.99351488
0.99547204
0.99708648
0.99835236
0.99926381
0.99981498
1.00000000
