@noindex

# This file was automically generated through MIDIMapperX 'make_curves.rb' generation script.

0.00000000
0.00000000
0.00000000
0.00000000
0.00000000
0.00000000
0.00000000
0.00000000
0.00000001
0.00000004
0.00000012
0.00000032
0.00000077
0.00000171
0.00000357
0.00000703
0.00001319
0.00002370
0.00004096
0.00006838
0.00011065
0.00017409
0.00026697
0.00039994
0.00058642
0.00084302
0.00118997
0.00165148
0.00225611
0.00303708
0.00403246
0.00528533
0.00684379
0.00876086
0.01109424
0.01390596
0.01726184
0.02123083
0.02588418
0.03129451
0.03753474
0.04467688
0.05279079
0.06194283
0.07219451
0.08360108
0.09621023
0.11006073
0.12518130
0.14158946
0.15929059
0.17827722
0.19852841
0.22000941
0.24267155
0.26645238
0.29127601
0.31705374
0.34368491
0.37105801
0.39905191
0.42753739
0.45637875
0.48543554
0.51456446
0.54362125
0.57246261
0.60094809
0.62894199
0.65631509
0.68294626
0.70872399
0.73354762
0.75732845
0.77999059
0.80147159
0.82172278
0.84070941
0.85841054
0.87481870
0.88993927
0.90378977
0.91639892
0.92780549
0.93805717
0.94720921
0.95532312
0.96246526
0.96870549
0.97411582
0.97876917
0.98273816
0.98609404
0.98890576
0.99123914
0.99315621
0.99471467
0.99596754
0.99696292
0.99774389
0.99834852
0.99881003
0.99915698
0.99941358
0.99960006
0.99973303
0.99982591
0.99988935
0.99993162
0.99995904
0.99997630
0.99998681
0.99999297
0.99999644
0.99999829
0.99999923
0.99999968
0.99999988
0.99999996
0.99999999
1.00000000
1.00000000
1.00000000
0.99999999
1.00000000
0.99999999
1.00000001
1.00000000
