@noindex

# This file was automically generated through MIDIMapperX 'make_curves.rb' generation script.

0.99999993
0.99999989
0.99999993
0.99999996
0.99999996
0.99999998
0.99999997
0.99999997
0.99999997
0.99999996
0.99999995
0.99999990
0.99999974
0.99999939
0.99999864
0.99999718
0.99999440
0.99998943
0.99998084
0.99996655
0.99994354
0.99990759
0.99985291
0.99977177
0.99965408
0.99948687
0.99925389
0.99893502
0.99850583
0.99793713
0.99719452
0.99623807
0.99502211
0.99349509
0.99159960
0.98927259
0.98644569
0.98304581
0.97899582
0.97421554
0.96862283
0.96213485
0.95466955
0.94614717
0.93649195
0.92563380
0.91351006
0.90006718
0.88526236
0.86906509
0.85145849
0.83244046
0.81202464
0.79024103
0.76713634
0.74277409
0.71723421
0.69061254
0.66301980
0.63458034
0.60543063
0.57571738
0.54559557
0.51522617
0.48477383
0.45440443
0.42428262
0.39456937
0.36541966
0.33698020
0.30938746
0.28276579
0.25722591
0.23286366
0.20975897
0.18797536
0.16755954
0.14854151
0.13093491
0.11473764
0.09993282
0.08648994
0.07436620
0.06350805
0.05385283
0.04533045
0.03786515
0.03137717
0.02578446
0.02100418
0.01695419
0.01355431
0.01072741
0.00840039
0.00650491
0.00497789
0.00376193
0.00280548
0.00206287
0.00149417
0.00106498
0.00074611
0.00051313
0.00034592
0.00022823
0.00014709
0.00009240
0.00005645
0.00003344
0.00001915
0.00001056
0.00000558
0.00000281
0.00000134
0.00000060
0.00000025
0.00000010
0.00000003
0.00000001
0.00000000
0.00000000
0.00000000
0.00000000
0.00000000
0.00000000
0.00000000
0.00000000
0.00000000
