@noindex

# This file was automically generated through MIDIMapperX 'make_curves.rb' generation script.

0.00000000
0.00000000
0.00000000
0.00000000
0.00000000
0.00000000
0.00000000
0.00000000
0.00000000
0.00000000
0.00000001
0.00000003
0.00000008
0.00000021
0.00000051
0.00000113
0.00000237
0.00000472
0.00000898
0.00001640
0.00002888
0.00004919
0.00008127
0.00013061
0.00020463
0.00031320
0.00046910
0.00068863
0.00099219
0.00140483
0.00195689
0.00268443
0.00362975
0.00484172
0.00637596
0.00829490
0.01066763
0.01356953
0.01708169
0.02129005
0.02628436
0.03215682
0.03900057
0.04690794
0.05596855
0.06626728
0.07788216
0.09088224
0.10532546
0.12125670
0.13870590
0.15768643
0.17819372
0.20020423
0.22367479
0.24854231
0.27472393
0.30211758
0.33060305
0.36004337
0.39028665
0.42116829
0.45251344
0.48413973
0.51586027
0.54748656
0.57883171
0.60971335
0.63995663
0.66939695
0.69788242
0.72527607
0.75145769
0.77632521
0.79979577
0.82180628
0.84231357
0.86129410
0.87874330
0.89467454
0.90911776
0.92211784
0.93373272
0.94403145
0.95309206
0.96099943
0.96784318
0.97371564
0.97870995
0.98291831
0.98643047
0.98933237
0.99170510
0.99362403
0.99515827
0.99637025
0.99731557
0.99804312
0.99859516
0.99900781
0.99931137
0.99953090
0.99968680
0.99979537
0.99986940
0.99991873
0.99995081
0.99997110
0.99998360
0.99999104
0.99999531
0.99999765
0.99999886
0.99999948
0.99999986
0.99999993
0.99999989
0.99999998
0.99999998
1.00000015
0.99999999
0.99999998
1.00000012
1.00000006
0.99999993
0.99999985
0.99999970
1.00000000
