@noindex

# This file was automically generated through MIDIMapperX 'make_curves.rb' generation script.

0.99999809
0.99999896
0.99999843
0.99999806
1.00000054
0.99999941
1.00000071
0.99999914
0.99999935
0.99999899
0.99999939
1.00000027
0.99999957
0.99999968
0.99999961
0.99999916
0.99999906
0.99999772
0.99999551
0.99999197
0.99998516
0.99997383
0.99995483
0.99992505
0.99987866
0.99980839
0.99970434
0.99955366
0.99933964
0.99904110
0.99863198
0.99808022
0.99734752
0.99638855
0.99515051
0.99357290
0.99158745
0.98911816
0.98608172
0.98238817
0.97794190
0.97264284
0.96638812
0.95907387
0.95059732
0.94085915
0.92976593
0.91723268
0.90318549
0.88756404
0.87032396
0.85143908
0.83090323
0.80873183
0.78496290
0.75965769
0.73290076
0.70479944
0.67548282
0.64510017
0.61381883
0.58182161
0.54930381
0.51646993
0.48353007
0.45069619
0.41817839
0.38618117
0.35489983
0.32451718
0.29520056
0.26709924
0.24034231
0.21503710
0.19126817
0.16909677
0.14856092
0.12967604
0.11243597
0.09681451
0.08276732
0.07023407
0.05914085
0.04940268
0.04092613
0.03361188
0.02735716
0.02205810
0.01761183
0.01391828
0.01088184
0.00841255
0.00642711
0.00484951
0.00361145
0.00265246
0.00191977
0.00136803
0.00095888
0.00066037
0.00044631
0.00029563
0.00019162
0.00012134
0.00007493
0.00004502
0.00002625
0.00001482
0.00000807
0.00000422
0.00000211
0.00000101
0.00000045
0.00000019
0.00000008
0.00000003
0.00000001
0.00000000
0.00000000
0.00000000
0.00000000
0.00000000
0.00000000
0.00000000
0.00000000
0.00000000
0.00000000
0.00000000
