@noindex

# This file was automically generated through MIDIMapperX 'make_curves.rb' generation script.

0.00000000
0.00000000
0.00000000
0.00000000
0.00000000
0.00000000
0.00000000
0.00000000
0.00000000
0.00000000
0.00000000
0.00000000
0.00000001
0.00000003
0.00000007
0.00000018
0.00000043
0.00000095
0.00000199
0.00000398
0.00000762
0.00001404
0.00002499
0.00004308
0.00007211
0.00011749
0.00018669
0.00028985
0.00044041
0.00065579
0.00095824
0.00137556
0.00194197
0.00269881
0.00369525
0.00498883
0.00664585
0.00874151
0.01135977
0.01459296
0.01854093
0.02330999
0.02901133
0.03575913
0.04366836
0.05285220
0.06341926
0.07547056
0.08909651
0.10437376
0.12136223
0.14010231
0.16061242
0.18288687
0.20689433
0.23257684
0.25984943
0.28860047
0.31869269
0.34996489
0.38223433
0.41529974
0.44894481
0.48294221
0.51705779
0.55105519
0.58470026
0.61776567
0.65003511
0.68130731
0.71139953
0.74015057
0.76742316
0.79310567
0.81711313
0.83938758
0.85989769
0.87863777
0.89562624
0.91090349
0.92452944
0.93658074
0.94714780
0.95633164
0.96424087
0.97098867
0.97669001
0.98145908
0.98540704
0.98864024
0.99125849
0.99335413
0.99501116
0.99630474
0.99730126
0.99805802
0.99862449
0.99904175
0.99934431
0.99955970
0.99971009
0.99981311
0.99988249
0.99992796
0.99995714
0.99997493
0.99998636
0.99999257
0.99999620
0.99999675
0.99999960
0.99999798
0.99999986
1.00000279
1.00000360
1.00000390
1.00000138
1.00000770
1.00000728
1.00000795
1.00001387
1.00000049
1.00001764
1.00001321
1.00001910
1.00002214
1.00000482
1.00001060
