@noindex

# This file was automically generated through MIDIMapperX 'make_curves.rb' generation script.

0.00000000
0.00000482
0.00003814
0.00012718
0.00029787
0.00057477
0.00098117
0.00153910
0.00226931
0.00319132
0.00432346
0.00568285
0.00728547
0.00914613
0.01127853
0.01369527
0.01640787
0.01942679
0.02276146
0.02642029
0.03041070
0.03473915
0.03941115
0.04443126
0.04980317
0.05552966
0.06161267
0.06805328
0.07485178
0.08200763
0.08951955
0.09738549
0.10560267
0.11416761
0.12307613
0.13232340
0.14190394
0.15181165
0.16203983
0.17258120
0.18342794
0.19457167
0.20600351
0.21771410
0.22969359
0.24193172
0.25441775
0.26714059
0.28008873
0.29325033
0.30661319
0.32016481
0.33389239
0.34778284
0.36182285
0.37599886
0.39029712
0.40470367
0.41920441
0.43378509
0.44843133
0.46312867
0.47786257
0.49261842
0.50738158
0.52213743
0.53687133
0.55156867
0.56621491
0.58079559
0.59529633
0.60970288
0.62400114
0.63817715
0.65221716
0.66610761
0.67983519
0.69338681
0.70674967
0.71991127
0.73285941
0.74558225
0.75806828
0.77030641
0.78228590
0.79399649
0.80542833
0.81657206
0.82741880
0.83796017
0.84818835
0.85809606
0.86767660
0.87692387
0.88583239
0.89439733
0.90261451
0.91048045
0.91799237
0.92514822
0.93194672
0.93838733
0.94447034
0.95019683
0.95556874
0.96058885
0.96526085
0.96958930
0.97357971
0.97723854
0.98057321
0.98359213
0.98630473
0.98872147
0.99085387
0.99271453
0.99431715
0.99567654
0.99680868
0.99773069
0.99846090
0.99901883
0.99942523
0.99970213
0.99987282
0.99996186
0.99999518
1.00000000
