@noindex

# This file was automically generated through MIDIMapperX 'make_curves.rb' generation script.

0.00000000
0.00000013
0.00000207
0.00001029
0.00003191
0.00007640
0.00015536
0.00028223
0.00047206
0.00074128
0.00110746
0.00158916
0.00220565
0.00297677
0.00392275
0.00506402
0.00642107
0.00801426
0.00986375
0.01198930
0.01441017
0.01714500
0.02021173
0.02362747
0.02740841
0.03156975
0.03612563
0.04108904
0.04647180
0.05228445
0.05853625
0.06523511
0.07238759
0.07999885
0.08807262
0.09661122
0.10561550
0.11508490
0.12501740
0.13540955
0.14625649
0.15755192
0.16928821
0.18145633
0.19404595
0.20704543
0.22044188
0.23422122
0.24836819
0.26286640
0.27769841
0.29284578
0.30828911
0.32400809
0.33998161
0.35618777
0.37260400
0.38920709
0.40597325
0.42287824
0.43989738
0.45700566
0.47417780
0.49138833
0.50861167
0.52582220
0.54299434
0.56010262
0.57712176
0.59402675
0.61079291
0.62739600
0.64381223
0.66001839
0.67599191
0.69171089
0.70715422
0.72230159
0.73713360
0.75163181
0.76577878
0.77955812
0.79295457
0.80595405
0.81854367
0.83071179
0.84244808
0.85374351
0.86459045
0.87498260
0.88491510
0.89438450
0.90338878
0.91192738
0.92000115
0.92761241
0.93476489
0.94146375
0.94771555
0.95352820
0.95891096
0.96387437
0.96843025
0.97259159
0.97637253
0.97978827
0.98285500
0.98558983
0.98801070
0.99013625
0.99198574
0.99357893
0.99493598
0.99607725
0.99702323
0.99779435
0.99841084
0.99889254
0.99925872
0.99952794
0.99971777
0.99984464
0.99992360
0.99996809
0.99998971
0.99999793
0.99999987
1.00000000
