@noindex

# This file was automically generated through MIDIMapperX 'make_curves.rb' generation script.

0.00000000
0.00000000
0.00000012
0.00000086
0.00000351
0.00001043
0.00002526
0.00005313
0.00010078
0.00017665
0.00029095
0.00045565
0.00068444
0.00099274
0.00139755
0.00191741
0.00257222
0.00338317
0.00437249
0.00556340
0.00697982
0.00864627
0.01058762
0.01282895
0.01539529
0.01831150
0.02160201
0.02529067
0.02940053
0.03395371
0.03897118
0.04447261
0.05047623
0.05699865
0.06405478
0.07165763
0.07981828
0.08854573
0.09784681
0.10772613
0.11818603
0.12922651
0.14084518
0.15303729
0.16579570
0.17911087
0.19297091
0.20736160
0.22226644
0.23766670
0.25354151
0.26986792
0.28662101
0.30377397
0.32129826
0.33916367
0.35733849
0.37578965
0.39448284
0.41338268
0.43245286
0.45165633
0.47095542
0.49031207
0.50968793
0.52904458
0.54834367
0.56754714
0.58661732
0.60551716
0.62421035
0.64266151
0.66083633
0.67870174
0.69622603
0.71337899
0.73013208
0.74645849
0.76233330
0.77773356
0.79263840
0.80702909
0.82088913
0.83420430
0.84696271
0.85915482
0.87077349
0.88181397
0.89227387
0.90215319
0.91145427
0.92018172
0.92834237
0.93594522
0.94300135
0.94952377
0.95552739
0.96102882
0.96604629
0.97059947
0.97470933
0.97839799
0.98168850
0.98460471
0.98717105
0.98941238
0.99135373
0.99302018
0.99443660
0.99562751
0.99661683
0.99742778
0.99808259
0.99860245
0.99900726
0.99931556
0.99954435
0.99970905
0.99982335
0.99989922
0.99994687
0.99997474
0.99998957
0.99999649
0.99999914
0.99999988
1.00000000
1.00000000
