@noindex

# This file was automically generated through MIDIMapperX 'make_curves.rb' generation script.

0.00000000
0.00000000
0.00000001
0.00000007
0.00000039
0.00000145
0.00000418
0.00001018
0.00002188
0.00004281
0.00007773
0.00013282
0.00021588
0.00033645
0.00050590
0.00073750
0.00104653
0.00145022
0.00196777
0.00262029
0.00343073
0.00442372
0.00562550
0.00706367
0.00876704
0.01076543
0.01308937
0.01576992
0.01883834
0.02232587
0.02626341
0.03068124
0.03560872
0.04107406
0.04710395
0.05372336
0.06095524
0.06882029
0.07733670
0.08651997
0.09638266
0.10693427
0.11818104
0.13012586
0.14276813
0.15610370
0.17012482
0.18482010
0.20017455
0.21616955
0.23278296
0.24998920
0.26775932
0.28606119
0.30485960
0.32411651
0.34379119
0.36384049
0.38421905
0.40487959
0.42577314
0.44684939
0.46805690
0.48934350
0.51065650
0.53194310
0.55315061
0.57422686
0.59512041
0.61578095
0.63615951
0.65620881
0.67588349
0.69514040
0.71393881
0.73224068
0.75001080
0.76721704
0.78383045
0.79982545
0.81517990
0.82987518
0.84389630
0.85723187
0.86987414
0.88181896
0.89306573
0.90361734
0.91348003
0.92266330
0.93117971
0.93904476
0.94627664
0.95289605
0.95892594
0.96439128
0.96931876
0.97373659
0.97767413
0.98116166
0.98423008
0.98691063
0.98923457
0.99123296
0.99293633
0.99437450
0.99557628
0.99656927
0.99737971
0.99803223
0.99854978
0.99895347
0.99926250
0.99949410
0.99966355
0.99978412
0.99986718
0.99992227
0.99995719
0.99997812
0.99998982
0.99999582
0.99999855
0.99999961
0.99999993
0.99999999
1.00000000
1.00000000
