@noindex

# This file was automically generated through MIDIMapperX 'make_curves.rb' generation script.

1.00000000
1.00000000
1.00000000
0.99999999
0.99999996
0.99999980
0.99999930
0.99999803
0.99999519
0.99998950
0.99997899
0.99996083
0.99993111
0.99988465
0.99981478
0.99971313
0.99956946
0.99937151
0.99910481
0.99875264
0.99829589
0.99771307
0.99698032
0.99607139
0.99495783
0.99360904
0.99199250
0.99007393
0.98781763
0.98518667
0.98214330
0.97864926
0.97466613
0.97015580
0.96508081
0.95940480
0.95309293
0.94611229
0.93843234
0.93002528
0.92086646
0.91093472
0.90021275
0.88868739
0.87634988
0.86319613
0.84922686
0.83444781
0.81886976
0.80250868
0.78538565
0.76752685
0.74896348
0.72973159
0.70987189
0.68942957
0.66845393
0.64699814
0.62511884
0.60287577
0.58033133
0.55755014
0.53459859
0.51154431
0.48845569
0.46540141
0.44244986
0.41966867
0.39712423
0.37488116
0.35300186
0.33154607
0.31057043
0.29012811
0.27026841
0.25103652
0.23247315
0.21461435
0.19749132
0.18113024
0.16555219
0.15077314
0.13680387
0.12365012
0.11131261
0.09978725
0.08906528
0.07913354
0.06997472
0.06156766
0.05388771
0.04690707
0.04059520
0.03491919
0.02984420
0.02533387
0.02135074
0.01785670
0.01481333
0.01218237
0.00992607
0.00800750
0.00639096
0.00504217
0.00392861
0.00301968
0.00228693
0.00170411
0.00124736
0.00089519
0.00062849
0.00043054
0.00028687
0.00018522
0.00011535
0.00006889
0.00003917
0.00002101
0.00001050
0.00000481
0.00000197
0.00000070
0.00000020
0.00000004
0.00000001
0.00000000
0.00000000
0.00000000
