@noindex

# This file was automically generated through MIDIMapperX 'make_curves.rb' generation script.

1.00000000
1.00000000
1.00000000
1.00000000
0.99999999
0.99999997
0.99999988
0.99999961
0.99999893
0.99999740
0.99999427
0.99998834
0.99997783
0.99996011
0.99993161
0.99988747
0.99982140
0.99972537
0.99958943
0.99940141
0.99914679
0.99880843
0.99836651
0.99779832
0.99707828
0.99617786
0.99506566
0.99370748
0.99206649
0.99010343
0.98777692
0.98504374
0.98185925
0.97817782
0.97395332
0.96913961
0.96369111
0.95756338
0.95071371
0.94310169
0.93468983
0.92544414
0.91533469
0.90433613
0.89242823
0.87959628
0.86583150
0.85113143
0.83550012
0.81894840
0.80149397
0.78316149
0.76398250
0.74399534
0.72324497
0.70178269
0.67966578
0.65695712
0.63372469
0.61004100
0.58598254
0.56162909
0.53706303
0.51236864
0.48763136
0.46293697
0.43837091
0.41401746
0.38995900
0.36627531
0.34304288
0.32033422
0.29821731
0.27675503
0.25600466
0.23601750
0.21683851
0.19850603
0.18105160
0.16449988
0.14886857
0.13416850
0.12040372
0.10757177
0.09566387
0.08466531
0.07455586
0.06531017
0.05689831
0.04928629
0.04243662
0.03630889
0.03086039
0.02604668
0.02182218
0.01814075
0.01495626
0.01222308
0.00989657
0.00793351
0.00629252
0.00493434
0.00382214
0.00292172
0.00220168
0.00163349
0.00119157
0.00085321
0.00059859
0.00041057
0.00027463
0.00017860
0.00011253
0.00006839
0.00003989
0.00002217
0.00001166
0.00000573
0.00000260
0.00000107
0.00000039
0.00000012
0.00000003
0.00000001
0.00000000
0.00000000
0.00000000
0.00000000
