@noindex

# This file was automically generated through MIDIMapperX 'make_curves.rb' generation script.

1.00000000
1.00000000
1.00000000
1.00000000
1.00000000
1.00000000
0.99999998
0.99999992
0.99999976
0.99999935
0.99999843
0.99999651
0.99999281
0.99998611
0.99997458
0.99995557
0.99992542
0.99987922
0.99981049
0.99971093
0.99957015
0.99937533
0.99911100
0.99875874
0.99829699
0.99770085
0.99694197
0.99598844
0.99480484
0.99335226
0.99158849
0.98946821
0.98694335
0.98396343
0.98047609
0.97642759
0.97176344
0.96642913
0.96037076
0.95353590
0.94587435
0.93733892
0.92788630
0.91747782
0.90608022
0.89366640
0.88021605
0.86571628
0.85016213
0.83355700
0.81591297
0.79725099
0.77760102
0.75700199
0.73550163
0.71315623
0.69003026
0.66619584
0.64173215
0.61672468
0.59126446
0.56544717
0.53937215
0.51314141
0.48685859
0.46062785
0.43455283
0.40873554
0.38327532
0.35826785
0.33380416
0.30996974
0.28684377
0.26449837
0.24299801
0.22239898
0.20274901
0.18408703
0.16644300
0.14983787
0.13428372
0.11978395
0.10633360
0.09391978
0.08252218
0.07211370
0.06266108
0.05412565
0.04646410
0.03962924
0.03357087
0.02823656
0.02357241
0.01952391
0.01603657
0.01305665
0.01053179
0.00841151
0.00664774
0.00519516
0.00401156
0.00305803
0.00229915
0.00170301
0.00124126
0.00088900
0.00062467
0.00042985
0.00028907
0.00018951
0.00012078
0.00007458
0.00004443
0.00002542
0.00001389
0.00000719
0.00000349
0.00000157
0.00000065
0.00000024
0.00000008
0.00000002
0.00000000
0.00000000
0.00000000
0.00000000
0.00000000
0.00000000
