@noindex

# This file was automically generated through MIDIMapperX 'make_curves.rb' generation script.

0.00000000
0.00000000
0.00000000
0.00000000
0.00000000
0.00000000
0.00000000
0.00000002
0.00000005
0.00000016
0.00000043
0.00000105
0.00000234
0.00000486
0.00000950
0.00001764
0.00003130
0.00005339
0.00008792
0.00014030
0.00021764
0.00032910
0.00048619
0.00070318
0.00099738
0.00138951
0.00190397
0.00256907
0.00341724
0.00448512
0.00581359
0.00744772
0.00943658
0.01183298
0.01469306
0.01807584
0.02204255
0.02665594
0.03197950
0.03807653
0.04500921
0.05283755
0.06161836
0.07140415
0.08224212
0.09417305
0.10723036
0.12143918
0.13681547
0.15336539
0.17108460
0.18995790
0.20995889
0.23104983
0.25318174
0.27629456
0.30031761
0.32517012
0.35076199
0.37699467
0.40376222
0.43095245
0.45844823
0.48612880
0.51387120
0.54155177
0.56904755
0.59623778
0.62300533
0.64923801
0.67482988
0.69968239
0.72370544
0.74681826
0.76895017
0.79004111
0.81004210
0.82891540
0.84663461
0.86318453
0.87856082
0.89276964
0.90582695
0.91775788
0.92859585
0.93838164
0.94716245
0.95499079
0.96192347
0.96802050
0.97334406
0.97795745
0.98192416
0.98530694
0.98816702
0.99056342
0.99255228
0.99418641
0.99551488
0.99658276
0.99743093
0.99809603
0.99861049
0.99900262
0.99929682
0.99951381
0.99967090
0.99978236
0.99985970
0.99991208
0.99994661
0.99996870
0.99998236
0.99999050
0.99999514
0.99999766
0.99999895
0.99999957
0.99999984
0.99999995
0.99999998
1.00000000
1.00000000
1.00000000
1.00000000
1.00000000
1.00000000
1.00000000
